		Connectivity & Expandability			Cost Considerations			Display Quality			GOAL		Laptop Alternatives							Main Criteria						Performance Capabilities					Portability Factors		
		Port Selection	Wireless Capabilities	Purchase Price	Value for Money	Color Accuracy	Resolution & Size	Select Best Laptop for DS & AI Student	Acer Swift 3	ASUS ROG Zephyrus G14	Dell XPS 15	Lenovo ThinkPad P16	MacBook Pro 16"	Microsoft Surface Laptop Studio	Connectivity & Expandability	Cost Considerations	Display Quality	Performance Capabilities	Portability Factors	Graphics Processing (GPU)	Memory (RAM)	Processor (CPU)	Storage	Battery Life	Weight & Form Factor
Connectivity & Expandability	Port Selection	0.000000	0.000000	0.000000	0.000000	0.000000	0.000000	0.000000	0.000000	0.000000	0.000000	0.000000	0.000000	0.000000	0.666667	0.000000	0.000000	0.000000	0.000000	0.000000	0.000000	0.000000	0.000000	0.000000	0.000000
	Wireless Capabilities	0.000000	0.000000	0.000000	0.000000	0.000000	0.000000	0.000000	0.000000	0.000000	0.000000	0.000000	0.000000	0.000000	0.333333	0.000000	0.000000	0.000000	0.000000	0.000000	0.000000	0.000000	0.000000	0.000000	0.000000
Cost Considerations	Purchase Price	0.000000	0.000000	0.000000	0.000000	0.000000	0.000000	0.000000	0.000000	0.000000	0.000000	0.000000	0.000000	0.000000	0.000000	0.250000	0.000000	0.000000	0.000000	0.000000	0.000000	0.000000	0.000000	0.000000	0.000000
	Value for Money	0.000000	0.000000	0.000000	0.000000	0.000000	0.000000	0.000000	0.000000	0.000000	0.000000	0.000000	0.000000	0.000000	0.000000	0.750000	0.000000	0.000000	0.000000	0.000000	0.000000	0.000000	0.000000	0.000000	0.000000
Display Quality	Color Accuracy	0.000000	0.000000	0.000000	0.000000	0.000000	0.000000	0.000000	0.000000	0.000000	0.000000	0.000000	0.000000	0.000000	0.000000	0.000000	0.333333	0.000000	0.000000	0.000000	0.000000	0.000000	0.000000	0.000000	0.000000
	Resolution & Size	0.000000	0.000000	0.000000	0.000000	0.000000	0.000000	0.000000	0.000000	0.000000	0.000000	0.000000	0.000000	0.000000	0.000000	0.000000	0.666667	0.000000	0.000000	0.000000	0.000000	0.000000	0.000000	0.000000	0.000000
GOAL	Select Best Laptop for DS & AI Student	0.000000	0.000000	0.000000	0.000000	0.000000	0.000000	0.000000	0.000000	0.000000	0.000000	0.000000	0.000000	0.000000	0.000000	0.000000	0.000000	0.000000	0.000000	0.000000	0.000000	0.000000	0.000000	0.000000	0.000000
Laptop Alternatives	Acer Swift 3	0.067193	0.100000	0.434023	0.170187	0.043022	0.036856	0.000000	0.000000	0.000000	0.000000	0.000000	0.000000	0.000000	0.000000	0.000000	0.000000	0.000000	0.000000	0.021077	0.083333	0.040552	0.088235	0.080978	0.409248
	ASUS ROG Zephyrus G14	0.118776	0.200000	0.199584	0.310643	0.073454	0.090007	0.000000	0.000000	0.000000	0.000000	0.000000	0.000000	0.000000	0.000000	0.000000	0.000000	0.000000	0.000000	0.280494	0.083333	0.097119	0.176470	0.080978	0.215895
	Dell XPS 15	0.118776	0.100000	0.116723	0.170187	0.126128	0.158606	0.000000	0.000000	0.000000	0.000000	0.000000	0.000000	0.000000	0.000000	0.000000	0.000000	0.000000	0.000000	0.128895	0.166667	0.139392	0.176470	0.151042	0.113583
	Lenovo ThinkPad P16	0.287549	0.200000	0.066474	0.089398	0.209438	0.277963	0.000000	0.000000	0.000000	0.000000	0.000000	0.000000	0.000000	0.000000	0.000000	0.000000	0.000000	0.000000	0.401758	0.333333	0.425866	0.352941	0.046587	0.034108
	MacBook Pro 16"	0.288929	0.200000	0.066474	0.089398	0.345603	0.277963	0.000000	0.000000	0.000000	0.000000	0.000000	0.000000	0.000000	0.000000	0.000000	0.000000	0.000000	0.000000	0.070813	0.166667	0.169908	0.176470	0.407127	0.113583
	Microsoft Surface Laptop Studio	0.118776	0.200000	0.116723	0.170187	0.202356	0.158606	0.000000	0.000000	0.000000	0.000000	0.000000	0.000000	0.000000	0.000000	0.000000	0.000000	0.000000	0.000000	0.096964	0.166667	0.127163	0.029412	0.233286	0.113583
Main Criteria	Connectivity & Expandability	0.000000	0.000000	0.000000	0.000000	0.000000	0.000000	0.079882	0.000000	0.000000	0.000000	0.000000	0.000000	0.000000	0.000000	0.000000	0.000000	0.000000	0.000000	0.000000	0.000000	0.000000	0.000000	0.000000	0.000000
	Cost Considerations	0.000000	0.000000	0.000000	0.000000	0.000000	0.000000	0.249599	0.000000	0.000000	0.000000	0.000000	0.000000	0.000000	0.000000	0.000000	0.000000	0.000000	0.000000	0.000000	0.000000	0.000000	0.000000	0.000000	0.000000
	Display Quality	0.000000	0.000000	0.000000	0.000000	0.000000	0.000000	0.151526	0.000000	0.000000	0.000000	0.000000	0.000000	0.000000	0.000000	0.000000	0.000000	0.000000	0.000000	0.000000	0.000000	0.000000	0.000000	0.000000	0.000000
	Performance Capabilities	0.000000	0.000000	0.000000	0.000000	0.000000	0.000000	0.380011	0.000000	0.000000	0.000000	0.000000	0.000000	0.000000	0.000000	0.000000	0.000000	0.000000	0.000000	0.000000	0.000000	0.000000	0.000000	0.000000	0.000000
	Portability Factors	0.000000	0.000000	0.000000	0.000000	0.000000	0.000000	0.138982	0.000000	0.000000	0.000000	0.000000	0.000000	0.000000	0.000000	0.000000	0.000000	0.000000	0.000000	0.000000	0.000000	0.000000	0.000000	0.000000	0.000000
Performance Capabilities	Graphics Processing (GPU)	0.000000	0.000000	0.000000	0.000000	0.000000	0.000000	0.000000	0.000000	0.000000	0.000000	0.000000	0.000000	0.000000	0.000000	0.000000	0.000000	0.433656	0.000000	0.000000	0.000000	0.000000	0.000000	0.000000	0.000000
	Memory (RAM)	0.000000	0.000000	0.000000	0.000000	0.000000	0.000000	0.000000	0.000000	0.000000	0.000000	0.000000	0.000000	0.000000	0.000000	0.000000	0.000000	0.238867	0.000000	0.000000	0.000000	0.000000	0.000000	0.000000	0.000000
	Processor (CPU)	0.000000	0.000000	0.000000	0.000000	0.000000	0.000000	0.000000	0.000000	0.000000	0.000000	0.000000	0.000000	0.000000	0.000000	0.000000	0.000000	0.238867	0.000000	0.000000	0.000000	0.000000	0.000000	0.000000	0.000000
	Storage	0.000000	0.000000	0.000000	0.000000	0.000000	0.000000	0.000000	0.000000	0.000000	0.000000	0.000000	0.000000	0.000000	0.000000	0.000000	0.000000	0.088610	0.000000	0.000000	0.000000	0.000000	0.000000	0.000000	0.000000
Portability Factors	Battery Life	0.000000	0.000000	0.000000	0.000000	0.000000	0.000000	0.000000	0.000000	0.000000	0.000000	0.000000	0.000000	0.000000	0.000000	0.000000	0.000000	0.000000	0.666667	0.000000	0.000000	0.000000	0.000000	0.000000	0.000000
	Weight & Form Factor	0.000000	0.000000	0.000000	0.000000	0.000000	0.000000	0.000000	0.000000	0.000000	0.000000	0.000000	0.000000	0.000000	0.000000	0.000000	0.000000	0.000000	0.333333	0.000000	0.000000	0.000000	0.000000	0.000000	0.000000

